0.9691
0.9627
0.9705
0.9682
0.9688
0.9677
0.9694
0.9670
0.9659
0.9665
0.9668
0.9661
0.9653
0.9640
0.9633
0.9632
0.9630
0.9633
0.9632
0.9625
0.9630
0.9618
0.9619
0.9608
0.9609
0.9612
0.9604
0.9602
0.9593
0.9596
0.9591
0.9588
0.9584
0.9582
0.9578
0.9578
0.9571
0.9563
0.9561
0.9560
0.9564
0.9564
0.9556
0.9550
0.9551
0.9543
0.9542
0.9537
0.9538
0.9534
0.9533
0.9525
0.9527
0.9524
0.9528
0.9523
0.9521
0.9516
0.9513
0.9517
0.9509
0.9504
0.9509
0.9498
0.9497
0.9501
0.9492
0.9491
0.9488
0.9487
0.9485
0.9483
0.9483
0.9481
0.9474
0.9475
0.9474
0.9465
0.9470
0.9468
0.9467
0.9469
0.9463
0.9458
0.9459
0.9460
0.9453
0.9457
0.9451
0.9452
0.9448
0.9451
0.9448
0.9452
0.9451
0.9447
0.9446
0.9444
0.9442
0.9440
0.9437
0.9434
0.9432
0.9432
0.9429
0.9429
0.9426
0.9423
0.942
0.9419
0.9415
0.9414
0.9413
0.941
0.9407
0.9413
0.9411
0.9407
0.9403
0.94
0.9397
0.9401
0.9397
0.9395
0.9392
0.9394
0.9392
0.9387
0.9387
0.9387
0.9388
0.9384
0.9384
0.9382
0.9378
0.9378
0.9377
0.9379
0.9379
0.9374
0.9374
0.9374
0.9373
0.937
0.9368
0.9364
0.9365
0.9363
0.9363
0.9363
0.9359
0.9356
0.9356
0.9354
0.9351
0.9348
0.9342
0.9343
0.9344
0.9346
0.9343
0.9343
0.9342
0.9339
0.9336
0.9336
0.9334
0.9335
0.9331
0.9332
0.9329
0.9329
0.9321
0.9319
0.9317
0.9318
0.9319
0.9317
0.9317
0.9314
0.9312
0.9312
0.931
0.931
0.9304
0.9303
0.9302
0.9299
0.9297
0.9298
0.9299
0.9296
0.9298
0.9296
0.9294
0.9291
0.9289
0.9292
0.9291
0.9289
